2-D Truss analysis
------------------

Date: 04-Nov-2018 14:48:54

Input file: Final_Design_Loaded.inp

Joints:         Joint-id  x-coordinate y-coordinate z-coordinate
                1         0.00         0.00         0.00
                2        24.00         0.00         0.00
                3        48.00         0.00         0.00
                4        48.00         6.00         0.00
                5        24.00         6.00         0.00
                6         0.00         6.00         0.00
                7        12.00         3.00         8.00
                8        36.00         3.00         8.00


External loads: Joint-id  Force-x      Force-y      Force-z
                7         0.00         0.00        -3.00
                8         0.00         0.00        -3.00
                2         0.00         0.00        -0.01
                5         0.00         0.00        -0.01

Bars:           Bar-id    Joint-i      Joint-j     Force    (T,C)
                1         1            2           4.527     (T)
                2         2            3           4.527     (T)
                3         3            4           1.132     (T)
                4         4            5           4.527     (T)
                5         5            6           4.527     (T)
                6         6            1           1.132     (T)
                7         6            2           4.666     (C)
                8         5            2           1.126     (T)
                9         5            3           4.666     (C)
               10         1            7           5.557     (C)
               11         6            7           0.000     (T)
               12         2            7           2.792     (T)
               13         5            7           2.765     (C)
               14         2            8           2.765     (C)
               15         5            8           2.792     (T)
               16         4            8           5.557     (C)
               17         3            8           0.000     (C)
               18         7            8           4.549     (C)

Reactions:      Joint-id  Uvec-x       Uvec-y      Uvec-z       Force
                1         0.01         0.01         1.00        3.018
                1         0.71         0.71         0.00       -0.043
                6         0.01         0.01         1.00       -0.000
                6         0.71         0.71         0.00       -0.000
                3         0.71        -0.71         0.00       -0.000
                4         0.00         0.00         1.00        3.018
