2-D Truss analysis
------------------

Date: 04-Nov-2018 14:44:51

Input file: Final_Design.inp

Joints:         Joint-id  x-coordinate y-coordinate z-coordinate
                1         0.00         0.00         0.00
                2        24.00         0.00         0.00
                3        48.00         0.00         0.00
                4        48.00         6.00         0.00
                5        24.00         6.00         0.00
                6         0.00         6.00         0.00
                7        12.00         3.00         8.00
                8        36.00         3.00         8.00


External loads: Joint-id  Force-x      Force-y      Force-z
                7         0.00         0.00        -0.01
                8         0.00         0.00        -0.01
                2         0.00         0.00        -0.10
                5         0.00         0.00        -0.10

Bars:           Bar-id    Joint-i      Joint-j     Force    (T,C)
                1         1            2           0.179     (T)
                2         2            3           0.179     (T)
                3         3            4           0.045     (T)
                4         4            5           0.179     (T)
                5         5            6           0.179     (T)
                6         6            1           0.045     (T)
                7         6            2           0.184     (C)
                8         5            2           0.005     (T)
                9         5            3           0.184     (C)
               10         1            7           0.219     (C)
               11         6            7           0.000     (T)
               12         2            7           0.206     (T)
               13         5            7           0.013     (C)
               14         2            8           0.013     (C)
               15         5            8           0.206     (T)
               16         4            8           0.219     (C)
               17         3            8           0.000     (C)
               18         7            8           0.336     (C)

Reactions:      Joint-id  Uvec-x       Uvec-y      Uvec-z       Force
                1         0.01         0.01         1.00        0.119
                1         0.71         0.71         0.00       -0.002
                6         0.01         0.01         1.00       -0.000
                6         0.71         0.71         0.00       -0.000
                3         0.71        -0.71         0.00       -0.000
                4         0.00         0.00         1.00        0.119
