2-D Truss analysis
------------------

Date: 04-Nov-2018 14:45:11

Input file: GoodTruss.inp

Joints:         Joint-id  x-coordinate y-coordinate z-coordinate
                1         0.00         0.00         0.00
                2        30.00         0.00         0.00
                3         0.00         6.00         0.00
                4        30.00         6.00         0.00
                5        10.00         0.00         0.00
                6        20.00         0.00         0.00
                7        10.00         6.00         0.00
                8        20.00         6.00         0.00
                9        10.00         0.00        10.00
               10        20.00         0.00        10.00
               11        10.00         6.00        10.00
               12        20.00         6.00        10.00


External loads: Joint-id  Force-x      Force-y      Force-z
               11         0.00         0.00        -1.87
               12         0.00         0.00        -1.87
                9         0.00         0.00        -1.87
               12         0.00         0.00        -1.87

Bars:           Bar-id    Joint-i      Joint-j     Force    (T,C)
                1         1            5           4.084     (T)
                2         5            6           2.258     (T)
                3         6            2           0.577     (T)
                4         2            4           1.096     (T)
                5         4            8           4.469     (T)
                6         8            7           3.652     (T)
                7         7            3           1.826     (T)
                8         1            3           0.577     (T)
                9         7            5           1.096     (T)
               10         6            8           1.096     (T)
               11         1            9           3.058     (C)
               12         3           11           1.223     (C)
               13         2           10           1.767     (T)
               14         4           12           2.718     (C)
               15         5            9           0.000     (C)
               16         7           11           0.000     (C)
               17         6           10           0.144     (C)
               18         8           12           1.009     (T)
               19         9           11           0.086     (C)
               20        10           12           0.577     (T)
               21         3            5           2.129     (C)
               22         7            6           2.129     (C)
               23         8            2           2.129     (C)
               24        11           10           0.168     (T)
               25         9            6           0.204     (T)
               26        11            8           1.427     (C)
               27         3            9           1.329     (T)
               28         4           10           1.698     (C)
               29         4            9           1.669     (C)
               30        12            1           2.225     (C)

Reactions:      Joint-id  Uvec-x       Uvec-y      Uvec-z       Force
                1         0.00         0.00         1.00        3.123
                1         0.71         0.71         0.00       -0.004
                2         0.00         0.00         1.00       -1.249
                3         0.00         0.00         1.00        0.000
                3         0.71        -0.71         0.00        0.000
                4         0.00         0.00         1.00        3.748
