2-D Truss analysis
------------------

Date: 04-Nov-2018 11:09:28

Input file: FINALTRUSS_DESIGN.inp

Joints:         Joint-id  x-coordinate y-coordinate z-coordinate
                1         0.00         0.00         0.00
                2        24.00         0.00         0.00
                3        48.00         0.00         0.00
                4        48.00         6.00         0.00
                5        24.00         6.00         0.00
                6         0.00         6.00         0.00
                7        12.00         3.00         8.00
                8        36.00         3.00         8.00


External loads: Joint-id  Force-x      Force-y      Force-z
                8         0.00         0.00        -4.79
                5         0.00         0.00        -4.79

Bars:           Bar-id    Joint-i      Joint-j     Force    (T,C)
                1         1            2           3.593     (C)
                2         2            3           1.796     (T)
                3         3            4           2.245     (C)
                4         4            5           1.796     (T)
                5         5            6           3.593     (C)
                6         6            1           3.592     (C)
                7         6            2           5.555     (T)
                8         5            2           1.347     (C)
                9         5            3           1.852     (C)
               10         1            7           0.000     (T)
               11         6            7           6.615     (C)
               12         2            7           0.000     (C)
               13         5            7           6.615     (T)
               14         2            8           0.000     (T)
               15         5            8           2.205     (T)
               16         4            8           6.615     (C)
               17         3            8           4.410     (C)
               18         7            8          10.777     (C)

Reactions:      Joint-id  Uvec-x       Uvec-y      Uvec-z       Force
                1         0.00         0.00         1.00       -0.000
                1         0.71         0.71         0.00        5.081
                3         0.00         0.00         1.00        2.395
                3        -0.71         0.71         0.00        5.081
                4        -0.58        -0.58         0.58        6.222
                6         0.58        -0.58         0.58        6.222
