2-D Truss analysis
------------------

Date: 22-Oct-2018 08:17:28

Input file: GoodTruss.inp

Joints:         Joint-id  x-coordinate y-coordinate z-coordinate
                1         0.00         0.00         0.00
                2        30.00         0.00         0.00
                3         0.00         6.00         0.00
                4        30.00         6.00         0.00
                5        10.00         0.00         0.00
                6        20.00         0.00         0.00
                7        10.00         6.00         0.00
                8        20.00         6.00         0.00
                9        10.00         0.00        10.00
               10        20.00         0.00        10.00
               11        10.00         6.00        10.00
               12        20.00         6.00        10.00


External loads: Joint-id  Force-x      Force-y      Force-z
               11         0.00         0.00        -0.42
               12         0.00         0.00        -0.42
                9         0.00         0.00        -0.42
               12         0.00         0.00        -0.42

Bars:           Bar-id    Joint-i      Joint-j     Force    (T,C)
                1         1            5           0.924     (T)
                2         5            6           0.511     (T)
                3         6            2           0.130     (T)
                4         2            4           0.248     (T)
                5         4            8           1.011     (T)
                6         8            7           0.826     (T)
                7         7            3           0.413     (T)
                8         1            3           0.130     (T)
                9         7            5           0.248     (T)
               10         6            8           0.248     (T)
               11         1            9           0.692     (C)
               12         3           11           0.277     (C)
               13         2           10           0.400     (T)
               14         4           12           0.615     (C)
               15         5            9           0.000     (C)
               16         7           11           0.000     (C)
               17         6           10           0.033     (C)
               18         8           12           0.228     (T)
               19         9           11           0.020     (C)
               20        10           12           0.130     (T)
               21         3            5           0.482     (C)
               22         7            6           0.482     (C)
               23         8            2           0.482     (C)
               24        11           10           0.038     (T)
               25         9            6           0.046     (T)
               26        11            8           0.323     (C)
               27         3            9           0.301     (T)
               28         4           10           0.384     (C)
               29         4            9           0.378     (C)
               30        12            1           0.503     (C)

Reactions:      Joint-id  Uvec-x       Uvec-y      Uvec-z       Force
                1         0.00         0.00         1.00        0.707
                1         0.71         0.71         0.00       -0.001
                2         0.00         0.00         1.00       -0.283
                3         0.00         0.00         1.00        0.000
                3         0.71        -0.71         0.00       -0.000
                4         0.00         0.00         1.00        0.848
