2-D Truss analysis
------------------

Date: 21-Oct-2018 22:27:19

Input file: Copy_of_expandingOnMeta.inp

Joints:         Joint-id  x-coordinate y-coordinate z-coordinate
                1         0.00         0.00         0.00
                2        22.00         0.00         0.00
                3         0.00        13.00         0.00
                4        22.00        13.00         0.00
                5         5.50         6.50         6.96
                6        11.00         0.00         0.00
                7        11.00        13.00         0.00
                8        16.50         6.50         6.96
                9        11.00         6.65        11.30


External loads: Joint-id  Force-x      Force-y      Force-z
                9         0.00         0.00        -1.00

Bars:           Bar-id    Joint-i      Joint-j     Force    (T,C)
                1         1            6           0.053     (C)
                2         1            3           0.024     (C)
                3         2            4           0.014     (C)
                4         3            7           0.053     (C)
                5         1            5           0.309     (C)
                6         6            5           0.006     (C)
                7         3            5           0.481     (C)
                8         7            6           0.133     (C)
                9         7            5           0.189     (T)
               10         7            8           0.035     (T)
               11         6            8           0.148     (T)
               12         8            2           0.463     (C)
               13         8            4           0.327     (C)
               14         5            9           0.620     (C)
               15         6            9           0.105     (C)
               16         8            9           0.620     (C)
               17         7            9           0.163     (C)
               18         4            7           0.043     (C)
               19         2            6           0.043     (C)
               20         7            2           0.105     (T)
               21         3            6           0.133     (T)

Reactions:      Joint-id  Uvec-x       Uvec-y      Uvec-z       Force
                1         0.00         0.00         1.00        0.196
                2        -0.50         0.50         0.71        0.414
                3         0.00         0.00         1.00        0.304
                3         0.71        -0.71         0.00        0.293
                4        -0.58        -0.58         0.58        0.359
                1         0.71         0.71         0.00        0.293
